
   
Iteration | # chg actions | V[0]
----------+---------------+---------
   0      |      1        | 0.00000
   1      |      6        | 0.00000
   2      |      6        | 0.00000
   3      |      5        | 0.04421
   4      |      3        | 0.14475
   5      |      0        | 0.18047
   6      |      0        | 0.18047
   7      |      0        | 0.18047
   8      |      0        | 0.18047
   9      |      0        | 0.18047
  10      |      0        | 0.18047
  11      |      0        | 0.18047
  12      |      0        | 0.18047
  13      |      0        | 0.18047
  14      |      0        | 0.18047
  15      |      0        | 0.18047
  16      |      0        | 0.18047
  17      |      0        | 0.18047
  18      |      0        | 0.18047
  19      |      0        | 0.18047
